14,4
0,273
0,270
3,2
10,197
10,143
10,307
114,4
114,3
10,31
114,2
10,117
114,1
114,0
113,4
113,3
10,123
113,2
113,1
113,0
111,5
111,4
10,299
111,3
10,201
10,2
10,3
111,2
111,1
111,0
108,5
108,4
108,3
108,2
108,1
108,0
106,5
106,4
106,3
11,5
11,17
11,9
11,13
11,21
11,2
106,2
106,1
106,0
105,6
105,5
105,4
105,3
9,5
105,2
9,1
105,1
105,0
100,4
9,7
100,3
9,2
100,1
97,3
9,3
97,1
8,12
8,9
8,4
8,17
8,13
93,3
93,1
90,3
90,1
89,3
89,1
88,3
88,1
85,4
85,3
85,2
85,1
79,3
79,1
64,5
64,4
64,3
64,2
64,1
64,0
61,3
61,2
61,1
61,0
60,4
60,3
60,2
60,1
60,0
58,3
58,2
58,1
58,0
52,3
52,2
52,1
51,5
51,4
51,3
51,1
49,3
49,1
20,3
20,2
20,1
19,3
19,2
19,1
12,3
12,2
18,1
12,1
11,29
11,28
